weights: 
   ALA: 2.3386
   CYS: 3.2718
   ASP: -2.2837
   GLU: -2.5358
   PHE: 1.4028
   GLY: 1.2108
   HIS: 0.134426
   ILE: 1.0317
   LYS: -1.6738
   LEU: 0.729516
   MET: 1.2334
   ASN: -0.873554
   PRO: -5.1227
   GLN: -1.0644
   ARG: -1.281
   SER: -1.1772
   THR: -1.425
   VAL: 2.085
   TRP: 3.035
   TYR: 0.964136
