weights: 
  ALA : 1.32468
  ARG : 3.25479
  ASN : -2.14574
  ASP : -2.72453
  CYS : 1.21829
  GLN : 0.79816
  GLU : -0.30065
  GLY : 2.30374
  HIS : -0.71458
  ILE : 1.66147
  LEU : 1.65735
  LYS : -1.34026
  MET : -1.64321
  PHE : -1.45095
  PRO : -0.09474
  SER : -0.28969
  THR : 1.15175
  TRP : 2.64269
  TYR : 2.26099
  VAL : 0.58223
