weights: 
  ALA : 2.3386
  ARG : 3.2718
  ASN : -2.2837
  ASP : -2.5358
  CYS : 1.4028
  GLN : 1.2108
  GLU : 0.134426
  GLY : 1.0317
  HIS : -1.6738
  ILE : 0.729516
  LEU : 1.2334
  LYS : -0.873554
  MET : -5.1227
  PHE : -1.0644
  PRO : -1.281
  SER : -1.1772
  THR : -1.425
  TRP : 2.085
  TYR : 3.035
  VAL : 0.964136
