weights: 
   ALA: 2.3386
   CYS: 3.2718
   CYD: 3.2718
   ASP: -2.2837
   GLU: -2.5358
   PHE: 1.4028
   GLY: 1.2108
   HIS: 0.134426
   HIS_D: 0.134426
   ILE: 1.0317
   LYS: -1.6738
   LEU: 0.729516
   MET: 1.2334
   ASN: -0.873554
   PRO: -5.1227
   GLN: -1.0644
   ARG: -1.281
   SER: -1.1772
   THR: -1.425
   VAL: 2.085
   TRP: 3.035
   TYR: 0.964136
soft_weights:
    ALA: 1.3535
    CYS: 2.9828
    CYD: 2.9828
    ASP: -1.9872
    GLU: -2.0080
    PHE: 3.6543
    GLY: -0.6290
    HIS: 0.5347
    HIS_D: 0.5347
    ILE: 3.6828
    LYS: -1.1870
    LEU: 3.0591
    MET: 2.1654
    ASN: -0.7549
    PRO: -4.6330
    GLN: -0.1943
    ARG: -0.3519
    SER: -1.2864
    THR: -1.2064
    VAL: 3.5934
    TRP: 5.8434
    TYR: 2.7219
